1769165859.993683 -0.002927 0.002807 -0.000973 0.009945 0.017257 -0.706761 0.707172
1769165894.193210 0.002335 -0.189941 -0.002729 0.008565 0.021121 -0.708402 0.705441
1769165895.194343 -0.011046 -0.665838 -0.005638 0.010625 0.021015 -0.709907 0.703901
1769165896.495879 -0.029358 -1.271870 -0.000647 0.007507 0.021891 -0.711725 0.702077
1769165897.630770 -0.037490 -2.179921 -0.014439 0.006639 0.021025 -0.711334 0.702509
1769165898.865660 -0.022259 -3.094952 -0.018938 0.006783 0.020527 -0.707821 0.706061
1769165900.067091 0.000328 -4.018960 -0.029271 0.009123 0.022218 -0.705284 0.708518
1769165901.235706 0.032360 -4.901470 -0.031479 0.009739 0.022758 -0.703368 0.710395
1769165902.604955 0.056331 -5.972840 -0.053083 0.008961 0.021851 -0.701445 0.712333
1769165903.706070 0.083441 -6.808091 -0.055682 0.009241 0.021559 -0.700805 0.712967
1769165905.040839 0.115742 -7.830438 -0.062018 0.011316 0.021135 -0.699212 0.714512
1769165906.275432 0.154875 -8.792712 -0.073943 0.011895 0.020646 -0.697947 0.715753
1769165908.043892 0.204807 -10.145065 -0.078316 0.013633 0.018528 -0.696716 0.716978
1769165909.111677 0.237758 -10.963964 -0.074862 0.009221 0.018861 -0.695615 0.718108
1769165910.212809 0.272192 -11.787531 -0.080541 0.010117 0.020279 -0.695046 0.718608
1769165911.380937 0.314997 -12.695357 -0.084820 0.007078 0.023441 -0.694669 0.718912
1769165912.549049 0.342670 -13.572217 -0.077460 0.007290 0.020519 -0.695296 0.718394
1769165913.683478 0.372141 -14.450461 -0.079261 0.006379 0.020897 -0.695811 0.717892
1769165914.885107 0.404775 -15.356600 -0.072788 0.004991 0.018401 -0.696857 0.716957
1769165915.922522 0.436988 -16.147186 -0.066607 0.004200 0.019594 -0.697689 0.716121
1769165916.923126 0.455146 -16.904875 -0.055322 0.003239 0.020546 -0.697925 0.715869
1769165918.191609 0.471743 -17.874414 -0.054540 0.004247 0.020772 -0.699160 0.714650
1769165919.259420 0.489245 -18.693642 -0.056270 0.006582 0.023654 -0.699107 0.714595
1769165920.327560 0.507871 -19.516605 -0.059656 0.007725 0.022577 -0.699722 0.714016
1769165921.528398 0.531814 -20.440277 -0.065669 0.006900 0.022593 -0.699577 0.714167
1769165922.595789 0.558622 -21.247814 -0.066267 0.006917 0.022045 -0.699510 0.714249
1769165924.063455 0.616889 -22.389889 -0.075916 0.004726 0.024104 -0.697726 0.715943
1769165925.064144 0.636820 -23.158472 -0.080030 0.006126 0.022250 -0.696663 0.717027
1769165926.098193 0.667416 -23.951275 -0.074438 0.007408 0.020684 -0.695877 0.717825
1769165927.132395 0.690815 -24.753960 -0.072800 0.006623 0.020354 -0.695880 0.717839
1769165928.435198 0.718177 -25.744938 -0.066212 0.004480 0.019969 -0.696388 0.717374
1769165929.503825 0.740570 -26.580273 -0.064526 0.003742 0.020654 -0.696547 0.717204
1769165930.871341 0.762626 -27.682556 -0.053609 0.006009 0.019349 -0.696932 0.716851
1769165932.273991 0.809599 -28.916906 -0.047692 0.001856 0.017112 -0.698193 0.715703
1769165933.308162 0.836685 -29.814672 -0.042659 0.001334 0.018127 -0.697067 0.716775
1769165934.375727 0.872315 -30.741894 -0.047271 0.000277 0.022197 -0.696329 0.717379
1769165935.743914 0.937838 -31.955235 -0.046862 0.004782 0.021969 -0.694108 0.719520
1769165937.045166 1.008171 -33.113834 -0.031213 0.001412 0.023489 -0.692671 0.720870
1769165938.079412 1.031244 -34.011978 -0.024886 -0.000533 0.022772 -0.694345 0.719281
1769165939.113653 1.052976 -34.942009 -0.024746 0.003564 0.020310 -0.696901 0.716871
1769165940.682039 1.075209 -36.358311 -0.023328 0.006436 0.022098 -0.699250 0.714506
1769165941.883185 1.119251 -37.431877 -0.016650 0.003892 0.022827 -0.697739 0.715978
1769165942.950710 1.157385 -38.393059 -0.028809 0.005394 0.024256 -0.697168 0.716477
1769165944.118859 1.190258 -39.451229 -0.031369 0.004537 0.021332 -0.697417 0.716333
1769165945.121102 1.216938 -40.372169 -0.028965 0.008116 0.019880 -0.697684 0.716084
1769165946.656204 1.258123 -41.767311 -0.033941 0.009392 0.018542 -0.697650 0.716137
1769165947.691373 1.285260 -42.809513 -0.012855 0.001781 0.021686 -0.697111 0.716633
1769165948.792791 1.322971 -43.907623 0.008328 -0.001798 0.021094 -0.696890 0.716865
1769165949.860609 1.344900 -44.966328 -0.000526 0.003504 0.023304 -0.697367 0.716326
1769165951.095336 1.377039 -46.212124 -0.002624 0.007917 0.022276 -0.697574 0.716123
1769165952.496790 1.439643 -47.623898 0.000676 0.004688 0.020232 -0.696849 0.716918
1769165954.065089 1.515398 -49.196239 0.012690 0.006242 0.019074 -0.693402 0.720271
1769165955.166260 1.582801 -50.301773 0.023906 0.001193 0.020158 -0.691122 0.722456
1769165957.102168 1.661512 -51.884663 0.029102 0.008137 0.015662 -0.688196 0.725310
1769165972.954151 1.680006 -52.157333 0.029201 0.009230 0.015556 -0.687920 0.725561
1769165974.155545 1.732617 -52.939342 0.025385 0.010317 0.016507 -0.687940 0.725506
1769165975.256823 1.781880 -53.695381 0.037655 0.007868 0.016278 -0.687141 0.726299
1769165976.324757 1.836817 -54.567719 0.043823 0.007723 0.016136 -0.685805 0.727565
1769165977.759742 1.940352 -55.791111 0.058923 0.008803 0.017032 -0.681436 0.731627
1769165978.861150 2.065550 -56.893356 0.062330 0.004420 0.020116 -0.673316 0.739068
1769165979.895684 2.264619 -57.886349 0.067596 0.006931 0.020371 -0.658783 0.752025
1769165981.931576 3.030437 -59.782520 0.071313 0.000390 0.021509 -0.602187 0.798066
1769165983.400305 4.002804 -60.925461 0.073081 0.004034 0.023267 -0.526356 0.849937
1769165984.401780 4.846700 -61.543037 0.053566 0.003123 0.021410 -0.459411 0.887960
1769165985.703213 6.127680 -62.152554 0.030258 0.005716 0.023099 -0.359232 0.932945
1769165987.672085 8.238258 -62.366451 0.007708 -0.004337 0.023220 -0.189402 0.981615
1769165988.673197 9.278589 -62.285583 0.000581 -0.003963 0.022014 -0.117070 0.992872
1769165990.041351 10.636524 -62.116566 -0.012233 -0.006762 0.023166 -0.047091 0.998599
1769165991.109210 11.684614 -61.981350 -0.017679 -0.009207 0.021665 -0.011748 0.999654
1769165992.310529 12.837660 -61.849403 -0.023841 -0.007485 0.022267 0.013385 0.999634
1769165993.745442 14.230999 -61.728065 -0.041566 -0.006267 0.022965 0.023728 0.999435
1769165995.013688 15.448553 -61.712345 -0.054116 -0.009714 0.023849 0.018281 0.999501
1769165996.081532 16.484179 -61.710651 -0.061185 -0.008547 0.023415 0.012212 0.999615
1769165997.449779 17.803942 -61.691853 -0.065112 -0.009596 0.023533 0.009401 0.999633
1769165998.517710 18.840149 -61.683445 -0.061934 -0.009099 0.020592 0.006519 0.999725
1769165999.752669 20.023371 -61.683491 -0.063431 -0.006107 0.020184 0.003598 0.999771
1769166001.554881 21.766897 -61.644661 -0.073257 -0.006864 0.020503 0.004960 0.999754
1769166002.989983 23.147879 -61.573204 -0.081417 -0.004018 0.021269 0.012233 0.999691
1769166004.224792 24.350014 -61.535423 -0.099364 -0.003157 0.023145 0.012849 0.999645
1769166005.459771 25.543020 -61.506863 -0.104768 -0.000923 0.023907 0.012703 0.999633
1769166006.461134 26.498697 -61.480450 -0.109143 -0.003328 0.022573 0.013283 0.999651
1769166007.562376 27.552568 -61.443687 -0.105525 -0.004957 0.018817 0.013093 0.999725
1769166008.596883 28.535009 -61.421501 -0.083286 -0.005626 0.016986 0.012983 0.999756
1769166010.298824 30.144125 -61.353596 -0.088644 -0.001847 0.019505 0.011488 0.999742
1769166011.400116 31.190676 -61.321655 -0.082444 -0.003527 0.020634 0.011214 0.999718
1769166012.634979 32.409481 -61.289932 -0.081612 -0.003667 0.018860 0.011842 0.999745
1769166013.769700 33.505829 -61.251308 -0.095068 -0.003485 0.019133 0.011355 0.999746
1769166014.770821 34.494438 -61.233528 -0.076808 -0.000399 0.016248 0.011839 0.999798
1769166015.906191 35.575584 -61.187279 -0.074203 -0.002697 0.014748 0.012731 0.999807
1769166017.407974 37.027580 -61.084465 -0.063192 -0.003789 0.014678 0.023718 0.999604
1769166018.442383 38.060318 -60.988052 -0.058207 -0.001434 0.012852 0.034235 0.999330
1769166019.843843 39.431416 -60.806198 -0.072662 -0.002135 0.015888 0.052350 0.998500
1769166020.878278 40.412971 -60.571220 -0.037472 -0.006547 0.012754 0.072433 0.997270
1769166022.012996 41.484375 -60.215939 -0.028929 -0.003602 0.009769 0.104513 0.994469
1769166023.014054 42.338085 -59.748230 0.034127 -0.000733 0.019186 0.148559 0.988717
1769166024.115620 43.202904 -59.062458 0.020254 -0.003503 0.015419 0.203388 0.978970
1769166025.416963 44.054482 -58.057705 0.035451 -0.007179 0.017051 0.292444 0.956104
1769166026.618410 44.564747 -56.882797 0.024100 -0.010344 0.024331 0.393266 0.919045
1769166028.053354 44.759106 -55.347076 0.017274 -0.011459 0.017103 0.517057 0.855703
1769166029.621757 44.735180 -53.775623 0.021206 -0.010742 0.015290 0.607535 0.794073
1769166030.856388 44.667236 -52.581753 0.016930 -0.014204 0.014234 0.652679 0.757368
1769166032.358510 44.616776 -51.154530 0.014453 -0.014138 0.014712 0.680633 0.732340
1769166033.426414 44.594444 -50.146675 0.022376 -0.012594 0.012875 0.692663 0.721036
1769166034.427741 44.556808 -49.204372 0.022614 -0.014021 0.011418 0.700744 0.713183
1769166035.696190 44.618580 -48.011398 0.026762 -0.015985 0.009730 0.694818 0.718942
1769166036.697245 44.705265 -47.060925 0.035643 -0.015444 0.009040 0.688751 0.724777
1769166037.765034 44.774330 -46.048756 0.048346 -0.017730 0.005814 0.686097 0.727271
1769166038.932911 44.839657 -44.946236 0.049124 -0.018577 0.006976 0.685718 0.727597
1769166039.967529 44.892170 -43.974205 0.050981 -0.018751 0.009230 0.685595 0.727683
1769166041.602796 44.968826 -42.422558 0.065057 -0.015403 0.009888 0.686661 0.726748
1769166042.837744 45.019215 -41.254112 0.060081 -0.016888 0.010179 0.688306 0.725152
1769166044.209501 45.064308 -39.975559 0.062033 -0.018954 0.013282 0.690510 0.722953
1769166045.579394 45.099319 -38.687092 0.063707 -0.019168 0.009916 0.692211 0.721373
1769166046.980109 45.144222 -37.358654 0.070973 -0.017299 0.012818 0.693680 0.719962
1769166048.013963 45.172539 -36.380386 0.073367 -0.018823 0.009750 0.693016 0.720611
1769166049.514750 45.257439 -34.959526 0.062463 -0.020941 0.011816 0.687764 0.725536
1769166050.748935 45.376976 -33.790016 0.044970 -0.026268 0.012306 0.681329 0.731402
1769166051.783002 45.498714 -32.809193 0.041815 -0.023823 0.013394 0.674281 0.737969
1769166053.083741 45.681118 -31.601871 0.048886 -0.021485 0.010427 0.664839 0.746605
1769166054.217732 45.873070 -30.564089 0.059421 -0.016630 0.010844 0.656661 0.753925
1769166055.385086 46.052387 -29.479874 0.071638 -0.017093 0.009391 0.653350 0.756805
1769166056.619141 46.227535 -28.329575 0.057556 -0.023403 0.008565 0.651625 0.758132
1769166058.086806 46.449917 -26.950466 0.053704 -0.025832 0.012724 0.649443 0.759865
1769166059.588611 46.731945 -25.534580 0.059355 -0.022604 0.012229 0.642119 0.766174
1769166060.858508 46.999950 -24.365168 0.060485 -0.022659 0.011220 0.633501 0.773328
1769166061.860063 47.232628 -23.435240 0.069252 -0.019155 0.009816 0.628142 0.777801
1769166062.861255 47.465553 -22.512650 0.067129 -0.017018 0.011186 0.624172 0.781022
1769166064.062685 47.737282 -21.407059 0.067491 -0.022208 0.010677 0.620502 0.783818
1769166065.430978 48.073345 -20.128128 0.056442 -0.021522 0.014290 0.615181 0.787963
1769166066.732527 48.405453 -18.926844 0.060049 -0.021464 0.014872 0.610361 0.791693
1769166067.733736 48.673370 -18.009937 0.058557 -0.018929 0.010924 0.606864 0.794505
1769166068.868435 48.991932 -16.966846 0.087647 -0.020693 0.007261 0.603364 0.797165
1769166070.103567 49.369106 -15.788341 0.121570 -0.022705 0.008866 0.598580 0.800693
1769166071.238266 49.703419 -14.743348 0.122826 -0.022962 0.010551 0.593890 0.804150
1769166072.406551 50.059872 -13.680901 0.115770 -0.023455 0.011473 0.590791 0.806402
1769166073.541274 50.385281 -12.689712 0.129704 -0.019784 0.012097 0.588604 0.808089
1769166074.676254 50.678768 -11.648549 0.144997 -0.014728 0.013214 0.593005 0.804956
1769166075.677516 50.944260 -10.733127 0.141795 -0.019532 0.010013 0.595389 0.803138
1769166076.745316 51.240952 -9.751425 0.129780 -0.022610 0.013283 0.593204 0.804625
1769166077.947100 51.593113 -8.665834 0.126404 -0.023093 0.013212 0.591843 0.805614
1769166079.182011 51.939465 -7.570777 0.143519 -0.022285 0.009910 0.590886 0.806386
1769166080.516646 52.343246 -6.317215 0.148321 -0.013800 0.011710 0.588183 0.808525
1769166081.584354 52.678562 -5.314942 0.142369 -0.014589 0.014912 0.587186 0.809183
1769166082.652066 52.987114 -4.316904 0.127186 -0.014011 0.019153 0.589522 0.807403
1769166084.186905 53.419353 -2.895897 0.127829 -0.012720 0.017454 0.592885 0.804997
1769166085.288011 53.708290 -1.885399 0.137089 -0.014860 0.010111 0.593935 0.804312
1769166086.322625 53.985390 -0.935184 0.142851 -0.014975 0.007737 0.595632 0.803080
1769166087.993667 54.425575 0.594757 0.153469 -0.017675 0.008512 0.598247 0.801072
1769166089.231077 54.745815 1.738892 0.155202 -0.014203 0.015578 0.599262 0.800275
1769166090.298449 55.021458 2.732190 0.150008 -0.015747 0.015857 0.599456 0.800096
1769166092.600487 55.601460 4.884602 0.162052 -0.015353 0.010230 0.601453 0.798695
1769166093.702122 55.872459 5.907030 0.169086 -0.014289 0.008098 0.602436 0.797998
1769166095.403250 56.225620 7.478460 0.185079 -0.015953 0.010661 0.616367 0.787225
1769166096.637630 56.294979 8.646461 0.186245 -0.016331 0.010928 0.640192 0.767963
1769166098.171643 56.132420 10.176980 0.179243 -0.017985 0.010972 0.690321 0.723196
1769166099.239450 55.736855 11.173461 0.164039 -0.019542 0.011975 0.734701 0.678004
1769166100.573252 55.056999 12.296910 0.154553 -0.019730 0.007152 0.791427 0.610903
1769166101.907432 54.128899 13.279306 0.161130 -0.023003 0.006763 0.847615 0.530070
1769166103.308452 52.884785 14.019465 0.152124 -0.022085 0.003829 0.906102 0.422465
1769166104.477324 51.676292 14.324786 0.138431 -0.021536 -0.000441 0.950259 0.310715
1769166106.346585 49.698463 14.334437 0.121680 -0.022064 -0.006872 0.987396 0.156571
1769166108.014656 48.056793 14.213437 0.108165 -0.024427 -0.014103 0.997262 0.068366
1769166109.583786 46.540752 14.118225 0.097602 -0.024457 -0.012165 0.999303 0.025438
1769166110.685187 45.491852 14.083754 0.085347 -0.025985 -0.011112 0.999519 0.012800
1769166111.886614 44.327431 14.111147 0.076336 -0.024852 -0.012149 0.999524 0.013627
1769166113.221599 43.064911 14.179572 0.067943 -0.022905 -0.011363 0.999470 0.020168
1769166114.856802 41.523441 14.345611 0.078512 -0.020519 -0.008911 0.999061 0.037100
1769166115.991540 40.404964 14.518925 0.073944 -0.021308 -0.006624 0.998369 0.052557
1769166117.059724 39.371803 14.671435 0.048225 -0.022942 -0.004817 0.998032 0.058152
1769166118.094498 38.359650 14.813649 0.034590 -0.024580 -0.006862 0.997730 0.062312
1769166119.295817 37.213242 14.976946 0.042348 -0.022599 -0.007774 0.997562 0.065562
1769166120.330252 36.213593 15.073902 0.035204 -0.022583 -0.003882 0.997949 0.059769
1769166121.398088 35.198959 15.145440 0.044348 -0.021157 -0.008587 0.998342 0.052846
1769166122.866321 33.768730 15.236442 0.032045 -0.022440 -0.006135 0.998734 0.044600
1769166123.867415 32.808380 15.277592 0.033818 -0.024750 -0.012972 0.998842 0.039171
1769166125.135468 31.577208 15.324862 0.030095 -0.024103 -0.009239 0.999155 0.031997
1769166126.236859 30.526823 15.332043 0.028537 -0.025167 -0.008297 0.999366 0.023781
1769166127.338185 29.460630 15.305297 0.022169 -0.025756 -0.010994 0.999538 0.011793
1769166128.472828 28.370358 15.259912 0.029119 -0.024526 -0.009775 0.999651 0.000131
1769166129.707611 27.186100 15.168037 0.017781 -0.025019 -0.006254 0.999594 -0.012102
1769166130.708738 26.230228 15.075270 0.006620 -0.027055 -0.008526 0.999327 -0.023271
1769166131.876749 25.112534 14.922512 -0.004762 -0.027432 -0.011022 0.998856 -0.037577
1769166132.911439 24.129950 14.749608 -0.011599 -0.028631 -0.012109 0.998098 -0.053234
1769166134.046202 23.040363 14.521344 -0.007642 -0.026234 -0.016757 0.997042 -0.070273
1769166135.214242 21.965950 14.273602 -0.011598 -0.024985 -0.014880 0.995749 -0.087395
1769166136.315550 20.941406 13.987841 -0.017520 -0.023944 -0.014117 0.994295 -0.102980
1769166137.483610 19.870768 13.654759 -0.003621 -0.022710 -0.015452 0.992652 -0.117844
1769166139.186944 18.285460 13.293734 0.000268 -0.020761 -0.015858 0.993001 -0.115180
1769166140.355012 17.207029 13.062153 -0.000890 -0.024177 -0.012655 0.993109 -0.113969
1769166141.556266 16.053427 12.759650 -0.003357 -0.021102 -0.015898 0.992984 -0.115255
1769166142.657432 14.998815 12.488664 -0.006228 -0.022262 -0.018596 0.992525 -0.118548
1769166143.758625 13.912424 12.216222 -0.018289 -0.025368 -0.015624 0.992114 -0.121750
1769166144.826408 12.828193 11.924874 -0.018749 -0.026698 -0.011470 0.991886 -0.123763
1769166146.161894 11.422948 11.542717 -0.011661 -0.022476 -0.009685 0.991541 -0.127468
1769166147.496643 10.031208 11.151598 0.008972 -0.017790 -0.013540 0.991098 -0.131243
1769166148.631056 8.833422 10.807114 0.012247 -0.019993 -0.015245 0.990621 -0.134303
1769166149.632014 7.774109 10.503978 -0.012008 -0.024826 -0.017967 0.990230 -0.136032
1769166150.899900 6.424755 10.115704 -0.004089 -0.024321 -0.014100 0.989491 -0.141836
1769166152.134427 5.190088 9.619194 0.015679 -0.017233 -0.015212 0.986679 -0.161049
1769166153.335587 4.011320 8.998034 0.020347 -0.021779 -0.012493 0.981549 -0.189555
1769166154.403373 3.005785 8.366875 -0.020250 -0.022265 -0.020394 0.974420 -0.222698
1769166155.605355 1.965570 7.513752 -0.038807 -0.019876 -0.014989 0.963696 -0.265837
1769166156.706559 1.120151 6.619036 -0.011598 -0.016404 -0.020569 0.947892 -0.317505
1769166157.707652 0.518785 5.646098 -0.013766 -0.014316 -0.020306 0.926638 -0.375132
1769166158.775533 0.046941 4.509829 -0.032394 -0.018453 -0.019723 0.895929 -0.443375
1769166159.843421 -0.197382 3.282305 -0.016134 0.015983 0.014372 -0.855201 0.517850
1769166161.011363 -0.190552 1.902424 0.017710 0.011213 0.010735 -0.800465 0.599179
1769166162.179764 -0.133733 1.134947 0.017155 0.006052 0.019505 -0.773315 0.633693
1769166163.214394 -0.044511 0.439943 0.001848 0.010667 0.022215 -0.749846 0.661154
1769166164.248952 0.038992 -0.273929 -0.006853 0.008571 0.026992 -0.730829 0.681973
1769166165.250134 0.116147 -0.950514 -0.004434 0.011386 0.025895 -0.718167 0.695295
1769166166.551676 0.221841 -1.676286 -0.013676 0.007042 0.026956 -0.702317 0.711319
