1769165859.993683 -0.002927 0.002807 -0.000973 0.009945 0.017257 -0.706761 0.707172
1769165894.193210 0.002335 -0.189941 -0.002729 0.008565 0.021121 -0.708402 0.705441
1769165895.194343 -0.011046 -0.665838 -0.005638 0.010625 0.021015 -0.709907 0.703901
1769165896.495879 -0.029358 -1.271870 -0.000647 0.007507 0.021891 -0.711725 0.702077
1769165897.630770 -0.037490 -2.179921 -0.014439 0.006639 0.021025 -0.711334 0.702509
1769165898.865660 -0.022259 -3.094952 -0.018938 0.006783 0.020527 -0.707821 0.706061
1769165900.067091 0.000328 -4.018960 -0.029271 0.009123 0.022218 -0.705284 0.708518
1769165901.235706 0.032360 -4.901470 -0.031479 0.009739 0.022758 -0.703368 0.710395
1769165902.604955 0.056331 -5.972840 -0.053083 0.008961 0.021851 -0.701445 0.712333
1769165903.706070 0.083441 -6.808091 -0.055682 0.009241 0.021559 -0.700805 0.712967
1769165905.040839 0.115742 -7.830438 -0.062018 0.011316 0.021135 -0.699212 0.714512
